0.6785254510701686
0.09694969634579109
0.15920735515653983
0.6251148060765033
0.624145926445904
0.6623325920893299
0.014106658511467862
0.6838005268199882
0.4094492274531032
0.8820276864365965
0.5534184552715625
0.20786505137583
0.8229141981946069
0.3667167248644254
0.11938766516819388
0.9854871791884517
0.7180881861078755
0.3402405407574799
0.2480106108146608
0.5836504948414534
0.4463264807013829
0.48974975916928787
0.7213842965494638
0.5419322077261275
0.05638493491999508
0.3413806534093283
0.25126005109434946
0.3947232832879718
0.6438505259277604
0.09963965232378913
0.19835656959219117
0.9209099883032565
0.42037985236377495
0.3931225635804424
0.524654595574863
0.8717509911447686
0.8131061476820035
0.7275825684202367
0.9697231074976826
0.6767879182544582
0.5118485421483047
0.3989481273555796
0.04277709244664363
0.09932535904419171
0.21626458863412856
0.3873136517422894
0.30718091365844247
0.9418814279154399
0.5540538817776803
0.2961877639085345
0.0029014964146946154
0.9819841763162516
0.4488506508780399
0.6617707328986209
0.8762721559411498
0.7530966828312218
0.1135110986292589
0.1115015660671872
0.15851400613563382
0.33698480567789746
0.8789588616795893
0.5606978279391165
0.6198172819593674
0.37457272286207766
0.5853279496999773
0.2963178719223164
0.1113237103175676
0.2637016350828927
0.15243435204732703
0.7875856832132604
0.751861013623032
0.33504220088303127
0.8990964645841674
0.9986934440444806
0.1004285043588069
0.3819017900626922
0.9308582518982353
0.9576669902674932
0.1317537968961372
0.5753885645127605
0.4954765093234452
0.19075382329721102
0.37515329219302895
0.6922866556659496
0.19421562601505427
0.18075382842817111
0.13271807728250795
0.9973840271499476
0.7105255653821554
0.30231839577645125
0.6296799026249925
0.6925695905735942
0.6989146424662018
0.26352590779776963
0.30772567744111745
0.8188521851435492
0.3854936080516753
0.2115094773507894
0.212938611539636
0.980992592622002
0.5343625957018402
0.5954476297974819
0.6877380952920246
0.47350498045793543
0.794215083538923
0.11209050089759642
0.9063337538664975
0.8965682488375438
0.16759581069018648
0.5608130747701453
0.4233395486101622
0.34546360151586075
0.8483950766099383
0.9149733239815339
0.9847267577789889
0.7814652578522528
0.9054974660257846
0.06648793529289665
0.7005178053069703
0.3989786782742881
0.0030000460434795873
0.44778035382830095
0.04270180992010775
0.20583921787172577
0.3379276372218434
0.49073765965753
0.4248251449501179
0.7531247629337486
0.339628276458817
0.791541957979038
0.6784907743565631
0.9690431877435678
0.05262872722961254
0.043101652458208295
0.0753784100521544
0.4592506808623872
0.955148367775941
0.63755577284717
0.5820359676521502
0.8835346627207481
0.7340581564054893
0.17859359802640584
0.38113308487450726
0.16572535767948993
0.026058965703033454
0.5601289241969634
0.8715200454710583
0.2589295189207469
0.6733394737291865
0.33157815539724966
0.06659357739129146
2.7343525062617502E-5
0.7559367119057899
0.5823699625655326
0.6642950395420377
0.633535207539462
0.7253124631278463
0.8254946142949101
0.8525978732428114
0.8624828566387482
0.8440031635819792
0.3623929878401937
0.8534929676819724
0.6493290896055245
0.8512009376711475
0.3741686449908188
0.18004181846374545
0.4089658085988578
0.13725598880400858
0.7462406196740793
0.8907029091419457
0.0337300311016262
0.5817071078336485
0.11877343967200815
0.7503843098274214
0.3016309726983202
0.74677343217335
0.321529261994154
0.04795043142278965
0.43764475983211115
0.025379788769766987
0.641571552675159
0.9465018033748639
0.8272589749181416
0.12071535516958432
0.9622640418010117
0.14881705278807056
0.3841527247015881
0.4308926001950668
0.863389734083292
0.5109364983165793
0.7220498241550909
0.37220795458529177
0.18046710508670316
0.11888901370149718
0.8058264110525801
0.7894082176543818
0.16634855705481943
0.5158096842909962
0.9997094650072397
0.5597136384008242
0.3942077815057342
0.9098260103328619
0.591066926187894
0.5344928989679344
0.48668980800392103
0.6596479836746685
0.7564317646523699
0.6106513141783982
0.9843184811808865
0.39919239956523533
0.22096673014062274
0.06208507862601376
0.4946141174179626
0.2710967842598462
0.32188579442017784
0.1659466232288873
0.2435257189829486
0.7597945702068433
0.9580955687790962
0.5518107543918916
0.3188621975188233
0.08797190703437086
0.7395766670711308
0.8038556148632882
0.02192064363489743
0.5276201049741501
0.14723705206245963
0.42347738472602725
0.5833429965693953
0.9123268035636432
0.3929551285646562
0.8758192970073224
0.04163917745756862
0.1765755868555371
0.0054870654966718835
0.7088673559843369
0.8014327771265415
0.6181897133926272
0.6454102588138785
0.5552709140703282
0.49131667856533745
0.43107193670486943
0.8152575822902692
0.6589905129718133
0.42063896762203257
0.7083508795740385
0.6327857494734633
0.6622314981256014
0.6173279175924135
0.814106905287467
0.6886126031414505
0.04074532344865445
0.026143307144650296
0.6800574726482749
0.8363195268766657
0.3821934072715526
0.6040179102111561
0.038847135268796795
0.04499522107285647
0.8044760773862268
0.3963089759963975
0.8666996444656303
0.7719135806070442
0.1472059074782448
0.07907485095593347
0.8058123629328174
0.6367882317269113
0.12520366490996138
0.25655682456164475
0.17354820769226875
0.05839854427782243
0.690240343101926
0.09289171208494396
0.36561701644525824
0.3682830945720864
0.2353460437426017
0.7000858991147991
0.22033072851573388
0.27296601881030136
0.6208271180301698
0.402207943793478
0.8488255447143996
0.283515140984788
0.975533330416912
0.33473399026006656
0.841909372044742
0.36619880329414545
0.8006203389280009
0.3385186291514072
0.849829409214183
0.947055380058253
0.5926621405096199
0.2748442271938577
0.6805506819839463
0.9921371905393465
0.32196031262792746
0.4606833374138741
0.08075507526598824
0.009232487859173855
0.010622379803572946
0.12532386851099153
0.7292537738922696
0.9105777572503995
0.010667859844277205
0.5788623772714427
0.08426444329583205
0.03339116509446127
0.5891688493452146
0.10215205349117806
0.15532988995899233
0.6393080379434716
0.08621875448403615
0.5933533874028235
0.010710057144453389
0.667675801526116
0.27019932579468
0.3994131548070974
0.5469032305806195
0.7732391273216553
0.9181106129017016
0.9170967071080283
0.3254594997945174
0.9674612482781575
0.9882392903941055
0.8475033323313914
0.8822292520007246
0.845405404072123
0.7166483150102722
0.04456310408250397
0.01630461033410624
0.1169355012182477
0.29322345538145667
0.8104773204838551
0.022703093954162146
0.2815589517657986
0.4895385971968733
0.09243266147944051
0.41872287070324465
0.9594714501065303
0.29870214417711405
0.1425739348283982
0.37515761074669707
0.8955934855392438
0.6825981465695783
0.8689192552224269
0.16836009953793885
0.6263084714350565
0.32739081701117234
0.8647776380419993
0.5575269976524503
0.4872909712986363
0.6035435839781367
0.22879013139963367
0.025454425053962004
0.15169624467637244
0.9785189625797591
0.031845482980773165
0.43417832133157686
0.43689153134212555
0.0022461644067064412
0.14007530794713274
0.39502404180708284
0.28003723726892293
0.7877247734751687
0.03854762267604428
0.763190153019653
0.7427451715667437
0.04899764073725421
0.026157321747674933
0.28949208986286745
0.706696452148478
0.1902800777835092
0.3609406187170364
0.9175839383382289
0.7188117447630004
0.4142479759406765
0.5533764037905512
0.24702388612239357
0.7490296918781038
0.13221972608214616
0.44431308489000176
0.7059901051531008
0.5580332626949926
0.20893976401548608
0.10948214356477859
0.3292031067571305
0.917814929347035
0.4014883498884795
0.13401332348930162
0.2254577921083516
0.17561067845464762
0.19397816754832797
0.7622078642175713
0.7757752758776738
0.051653881583893946
0.5725067982427297
0.698688830516167
0.9300936259239148
0.17297471569822842
0.9105390486282553
0.499938778842387
0.1920385222551939
0.5880436035433181
0.37259904402733723
0.11753828026813207
0.6939410064484047
0.40874847451901963
0.21983262427494965
0.03789110018768649
0.2860626804046411
0.1747010613934621
0.2875102703166209
0.8939964339861252
0.5849887672546852
0.52725730709739
0.17160322706922315
0.423413784977128
0.1582699694445585
0.1733560177621376
0.32578492125701275
0.21784294569118
0.34942393072438105
0.8781490385144821
0.14506057653442594
0.09297063914809445
0.9750117010153468
0.6756109527308859
0.05806348679313034
0.8260465309517802
0.23122028210059387
0.5624457095731525
0.8241014761845342
0.9210550667124825
0.5306270872705063
0.4365988444190597
0.33739515440294365
0.4097258846341857
0.7218806203375515
0.8608555215524174
0.7805952354994005
0.15773597166776232
0.7190716753096297
0.6370530941807189
0.4904529457000095
0.8804293184980789
0.1486277567939137
0.039432012942164696
0.24517007900889543
0.9767275239494478
0.29655488104882677
0.6080363344611783
0.24707686256980654
0.24350542983768164
0.6665650480020912
0.4856743856832989
0.044351733595637266
0.6498220279573872
0.5207271476158339
0.5949577327388751
0.24685946267473113
0.22965713372832497
0.22130477395698567
0.3049219293557941
0.6760697568978615
0.12621929184189884
0.2998091841514855
0.29864127057816137
0.6265279574498505
0.20784216670391464
0.39328807469748905
0.9024020467533774
0.08246097103075978
0.026732098245470737
0.37665716458850196
0.31109027303503234
0.9506649184274624
0.24350291072246433
0.7234981143674821
0.6905503062361341
0.8595634163101837
0.7630422101955763
0.8081093531149467
0.6622262351941612
0.6008500876922067
0.47567925374326836
0.15249343803355198
0.8942278095163411
0.4179084796523185
0.6611267166827934
0.5790611202934624
0.5112629033846958
0.6845935192827791
0.26487811097775715
0.5806656224548608
0.4782198573113773
0.9761829838135627
0.6056701331126013
0.6135669596171166
0.552509126885758
0.5654704564206741
0.8106439074213441
0.27735218178168075
0.49190682841076727
0.2320465399869186
0.8287224792077007
0.7118697745278981
0.9602772149694465
0.24965644460781755
0.15359397948628006
0.9299114383380124
0.6152567874193731
0.10985431953682356
0.04105927469399129
0.05260887396514091
0.6712061771429843
0.0916012460092912
0.6612543077551407
0.5310935384410664
0.3982967417325072
0.13444881921755258
0.14864462051829097
0.8535602953656856
0.4946914851575791
0.6028681775145617
0.25034983331738203
0.054017541457974105
0.6129770053746377
0.7233486069703697
0.30929368765201193
0.5821139282231165
0.953247004615627
0.5632053432468085
0.7202753353658816
0.9587916662417442
0.28185195848197664
0.026575937314220144
0.06607659787759979
0.7482941359401027
0.8845063742084293
0.1417038024258923
0.6632921678043148
0.013290137352356513
0.31225675702982614
0.8740292614919994
0.7442002718105198
0.7984816206771768
0.6852045489799203
0.3384371809557567
0.476566912049189
0.6928264685199906
0.2476691189556256
0.9147207745895659
0.21705121470302668
0.9570962611780723
0.6448629373405941
0.7532656776518076
0.029488339357222393
0.5494398400759366
0.44970145478332146
0.15036295668561694
0.5347765658073222
0.036351684688561425
0.10303436941376509
0.4785274711536137
0.5367689441660176
0.41123768080116263
0.04467768600981947
0.7777024866881617
0.7652263006981009
0.25079475056487477
0.16884660454979683
0.7961282971788636
0.15365851314416568
0.08571414456116355
0.20800630469595138
0.5596636096642461
0.7222754284040629
0.9336933785129002
0.46521672351029053
0.3370804595572481
0.7441662460342823
0.3981906248888195
0.8175690614065313
0.8447775559934244
0.05048907169589889
0.7564393895110436
0.8024906352758281
0.4328301894034968
0.17650964211294573
0.8975012531817362
0.1841026490295209
0.847537961717782
0.39779012348798426
0.5999829838601978
0.8473951740104166
0.552752588276853
0.3720774947786518
0.4057726141295498
0.4620585492475304
0.8892371360334406
0.13923299808549572
0.6189180295312202
0.7330733634059892
0.9809815254512506
0.17501530715643232
0.7776237433624206
0.45868375203003875
0.9795015582439837
0.3151836991042365
0.27418867524754975
0.15460553406500566
0.2382812933580961
0.9191118545887644
0.7663386848238253
0.8920733746419499
0.39315896571562337
0.11615056738328366
0.1894892478502922
0.8118024193395015
0.20095615815269308
0.34698505823429293
0.7705409393325886
0.7007035220852337
0.7652340250534679
0.38420621185598625
0.6092809871487592
0.09718893566016162
0.4088324291379254
0.2836370610730181
0.45462524307153396
0.7774607443377916
0.6887829535092812
0.2073860454920221
0.002950675242460621
0.6819799689288284
0.6881369803848875
0.18226709370440886
0.79967876543929
0.4904424121693002
0.8559420948299149
0.7586439477813174
0.9699881825539147
0.1264827201575588
0.9426356346686265
0.34480258130644803
0.04885077140909033
0.5608097758604412
0.4319790287809896
0.07489183827629053
0.05516087451804863
0.8337426403101109
0.7876830928812049
0.2729279251274537
0.26210571314934183
0.29473374583530754
0.5952993627926342
0.4843438557680487
0.3805148169983219
0.5763828685281328
0.6168757690971216
0.22746176691971565
0.7900219088552941
0.8119807826998531
0.013275905916428576
0.8718322674245632
0.14263429492588775
0.4564700219764697
0.6997878415816918
0.664752961655468
0.9147738854207594
0.7779444797002167
0.4544314265083794
0.9219573967695259
0.008942466397726112
0.5068718266932076
0.011809559890748833
0.778336682882945
0.1886638922606424
0.2289359879586338
0.7619198576224773
0.8988782504678704
0.27592760956919027
0.20995515723721814
0.6933963412866561
0.9024115048057156
0.6265435643085006
0.3823042680811253
0.031415306943171295
0.4092473452574784
0.3250313821357944
0.9956053913973268
0.32607608998541704
0.03076935796807989
0.878194186667327
0.8434652508602348
0.048431837569423486
0.9512370789048747
0.42853623839642474
0.2854312834951862
0.5963510315956174
0.17063012498355512
0.8202103325400716
0.36117620742833534
0.8457615449306974
0.8778013065907421
0.31814175116815024
0.8736523257623496
0.39616984306427727
0.6854031469940758
0.6641576890775953
0.2404003346371002
0.6411319370083716
0.6962606874457784
0.13302005676909923
0.37754789130791166
0.9799344257866749
0.18371811172128916
0.6787533811904817
0.6988632826760595
0.40834817562185277
0.38899567300045534
0.4119933320395114
0.15148080953133303
0.46304520871428834
0.8841381818065993
0.9685427282184773
0.8489120676077777
0.9220998507998328
0.6714763624557326
0.6860766674848747
0.438390701842187
0.7057774719585643
0.7257886635229228
0.44002371381712857
0.6005443476417719
0.29727504214721445
0.8040539383327197
0.9629822116334487
0.6312849237651847
0.47882086119501566
0.8047043105239063
0.11839629685461983
0.6144834267739423
0.8180402853345169
0.7428834390723549
0.9742813033131393
0.33463837691739784
0.7531023816166538
0.9940196210404993
0.35409103564629496
0.48593304319683284
0.22010715186811602
0.05304295268830317
0.4787734311995743
0.45174538675931675
0.9965533084478088
0.853195539253474
0.17795725494949322
0.6101528137899532
0.5515216783085053
0.11336003193557564
0.18221193908714184
0.7789506273023666
0.49426871010360085
0.14729759573646062
0.12746817973286917
0.6702538057143593
0.29297618464862496
0.7176508061323783
0.943888323335226
0.5613181358240543
0.936047689803574
0.48190972598834636
0.2735265735260639
0.39562114123176007
0.5680573341971776
0.22102317764106405
0.894678404738332
0.15668067502216843
0.8365914322972091
0.7125890667897038
0.9284315681123273
0.16612837696754967
0.017008431840995097
0.8925903770992883
0.8890050923996178
0.36614439800132637
0.7686752158748311
0.9098370416988676
0.610292903041778
0.18281632101494472
0.24449760616039462
0.1173866052188095
0.35477424968036186
0.11900641496466635
0.8983996713163382
0.7513822462457147
0.27765677593342686
0.2899667072141143
0.6825482828674798
0.5404720036973372
0.09069157689507046
0.04867614983519619
0.914165485552466
0.27314125380256915
0.6303326031841769
0.1165090038567147
0.2342017290344064
0.1651592668789491
0.889470082873168
0.06357359662168394
0.13730496521843671
0.9385435906422556
0.3983876742389072
0.006456161828921059
0.1816457988613962
0.8049892166810471
0.0382890317670993
0.30311069122514356
0.39234282772370865
0.982977369379624
0.011002778672311475
0.22857354161124255
0.5544583588260849
0.14552910609673675
0.764467325239105
0.8737451402865626
0.09864773688013206
0.9559326175499561
0.8503581076239389
0.1947424091304456
0.4592772443811679
0.997261089153428
0.5546652805621036
0.48372795780817623
0.022775073995099038
0.31798944744747704
0.452946241903437
0.8744874923819469
0.7716233712108863
0.11477515802584426
0.9800307038807794
0.5375500054005701
0.20209066577993184
0.8531186146866417
0.5216845898901966
0.26989613073113305
0.08376727312242949
0.2201751790186064
0.20755648517636704
0.41222446826203596
0.7153038578829098
0.5288323337289008
0.45692683527144695
0.7106637519988174
0.8894435050635616
0.6000521985415658
0.7695187302463561
0.5174256583146816
0.23432799195292076
0.2775433694313256
0.30294920489329713
0.8432590289148111
0.6668814523774036
0.8455748055118705
0.3982158309810523
0.34013762783312385
0.6444248542053669
0.9820611197765045
0.5387142351622051
0.5212089670405063
0.7960350219212134
0.9741913274757612
0.8123305438460535
0.991847609313264
0.46587898144992823
0.7264732605275397
0.017690920029994173
0.3552629668974542
0.11405806803579488
0.30913400252813006
0.26408836760631604
0.8124540684145735
0.3504868976769441
0.12073201283272172
0.581236841815586
0.45270185850387323
0.374985840747846
0.09936059058640145
0.42298805819179386
0.3399399395063156
0.5599348890448582
0.2230847578455427
0.43352461132158193
0.864316126256373
0.9352477533153812
0.9377645233752002
0.7822301318058746
0.4284959029402884
0.06067884892449105
0.26905827672727245
0.273221303364678
0.46558550618147554
0.6360498197111062
0.5794291226810969
0.22807218544449515
0.4901606972187237
0.6912277592813622
0.06902696256572616
0.42810604479280023
0.4253496076021961
0.09682983086247965
0.7743981875188393
0.7101909193450172
0.7461784030570205
0.7727725434284406
0.5584652803684125
0.8335378221343428
0.060766991881694876
0.47090227763971393
0.21087865566715314
0.09273165175788045
0.004155466085002724
0.5428899471171321
0.5758049430801112
0.6341618970358569
0.7416186046478768
0.14507394866337153
0.6149884894605369
0.25107910800487754
0.8257331343024958
0.8945911311931098
0.5023880980631298
0.4704696201462324
0.5900183099909597
0.8894251512007972
0.4721061645201773
0.3084833809689641
0.016873409161070052
0.09927319844589455
0.9273275213259993
0.13780351414427716
0.023351734211285446
0.5816160558690595
0.722575199899237
0.5795273398524181
0.15899021421385873
0.48217098618715093
0.9971555268592456
0.2751255256479407
0.708772457602815
0.8419907985092443
0.14096132358042524
0.3040232939002179
0.404039128514425
0.40269582157809347
0.5759635554213142
0.05434308212426142
0.23684198920394706
0.7214171723145663
0.9332556781523149
0.6152778150462247
0.9803132284055406
0.36958645610526
0.7763044047288363
0.49821446739532504
0.7799080837220773
0.9832128973623508
0.380362717532268
0.39076583782190555
0.7980741603165491
0.6920870358295033
0.824450097644214
0.0558309005176818
0.1775737241569295
0.5136738413729575
0.11890672284454162
0.6811060127781449
0.20528095432856241
0.7334057283497492
0.5956676701028399
0.40940027971213033
0.28711681093450303
0.9826337244833583
0.8818362187056462
0.30483148822035844
0.3235621825063715
0.5914966781214726
0.4959964661759322
0.174532737818203
0.050978700752189354
0.05614893599213733
0.2215006425874505
0.9318014798621624
0.4932091520788956
0.8847470306290267
0.6765802477419377
0.18845619365181687
0.5664468251170437
0.23781576477826094
0.9068196017147591
0.5572005895747448
0.17335118135391347
0.2664399274367435
0.8449277959139408
0.4565657294466594
0.4944155507563137
0.7833917895109825
0.32385926189913317
0.6909246143292472
0.17960668372559963
0.33190350912681454
0.18454631321228576
0.5474370671084371
0.4146162728844123
0.09530728716676562
0.31557703804085846
0.8537526655293987
0.39638661674005193
0.7160446543398442
0.11021190560871719
0.2899119235270433
0.22396588499064285
0.5593160603325456
0.4716897750548751
0.08205789827505816
0.07465936208739099
0.4065057269676663
0.7707117303785422
0.03308852803578721
0.3826908148556726
0.934949932849329
0.9235670870889772
0.09690943850438694
0.5183694955831872
0.6189712267693513
0.3642132328957236
0.4810277638658833
0.7396412343713593
0.15460432440263205
0.21174594705182148
0.5912707531884003
0.37383527633830227
0.9961906251215149
0.4534853408426366
0.20871180632799502
0.8137182709395488
0.7229973788764513
0.7751082361073921
0.7306008902970612
0.8663325662143133
0.40107269968598513
0.5590176074206564
0.4042687122339159
0.7725942975226839
0.8394080951441285
0.060958701037955865
0.447516226138152
0.1767057180774042
0.1767454041850749
0.36765313070872374
0.1647027803202592
0.9329148919866821
0.8895139498965969
0.17418527022352848
0.44027262606901174
0.7182290721224933
0.44276478019958143
0.9226714869697027
0.7983475005185049
0.40792833081948143
0.07181198912390185
0.3713796137403209
0.9576787918052733
0.36007491135086256
0.7866954001508267
0.15832854382083683
0.056984020913482314
0.5489963951732053
0.6355215331437645
0.5622408602612308
0.4696536125008486
0.6486271810146927
0.5940736671222534
0.1076795385615702
0.034044760360294135
0.06669847573737864
0.5125308339601952
0.30578105276896117
0.18299172460676982
0.8015126777118879
0.23730449455779423
0.04708325742632624
0.6225487690634443
0.17524793238541758
0.025363960113720108
0.582795463328591
0.06600287288419737
0.6916042817428149
0.41533120872485496
0.7441042862705766
0.9273909753279665
0.7806986880033442
0.8463083249886324
0.8887571106308686
0.5935427671046803
0.1993837687980694
0.10095691606800505
0.8476016223563714
0.8713354880772274
0.6289264940483758
0.46975726214398017
0.922739722675585
0.8155538746572016
0.19193463012033796
0.81148552979812
0.29961153637421045
0.42253819777078994
0.4436281751835437
0.14048621345927093
0.348168361525251
0.5875870332347003
0.9854674387181065
0.270888966412266
0.45820307622607304
0.4036516060825761
0.41758958239205746
0.4549949558959776
0.7701430206042527
0.8808755721325346
0.46566437971920693
0.9779962812229477
0.3988053686496744
0.7185406765684973
0.9722306868264512
0.7212126849368792
0.21177496083285685
0.012385745887638522
0.07626105578265585
0.7352399524322357
0.6085755305797365
0.052365455191349275
0.4709440067752032
0.6237765349864979
0.9784217525324803
0.40186854935156824
0.6411673371083477
0.8262830133284957
0.004196441665726747
0.6642627261594752
0.5610010778880946
0.7977583965868168
0.8739012996351899
0.07328956111380569
0.4590616611474333
0.25839029836888283
0.888064539672754
0.7990849854698457
0.02680828488320275
0.5631285547348189
0.276711400677219
0.5721152481654406
0.30177561918548834
0.306695625076876
0.11114725933329983
0.49563288620925905
0.46405231819405934
0.315409539823852
0.5969761306793183
0.26778538395733587
0.8589190876387742
0.5125563361911484
0.3328607973302796
0.1635419547633581
0.7297826737834867
0.9048865384267055
0.11628569978671266
0.15230300214815573
0.8010785893165588
0.29697538290253267
0.859138392430372
0.23946302267527386
0.9877367651681022
0.767405987224359
0.1627920710281079
0.231225122716735
0.982554315361792
0.4526099790828997
0.0994307174200404
0.5154005971708271
0.25122050091930415
0.5942068163902079
0.9928673086636964
0.43243834735239595
0.3719842573849328
0.9741756028061296
0.2116990713965734
0.3580511290571776
0.627615923113862
0.946393882728652
0.638328002930813
0.630955621914784
0.0853369530328224
0.977092366100062
0.0015333223823120745
0.00770924024895514
0.989094334737608
0.43157675725241573
0.33467294463301356
0.9045719489113654
0.4006362745956239
0.8380104224758024
0.6073463005751917
0.4587864711381646
0.5333717686720411
0.8658608308914444
0.9709781961974672
0.49556790039912657
0.8574156631973224
0.16839003329330282
0.9381671597237005
0.08121379178526356
0.6563511940231517
0.2437924058145694
0.29603738724503004
0.1577521302096111
0.4862810285116671
0.8036005707710853
0.23387575373586988
0.14297599046877807
0.7352539327947687
0.33202300695428755
0.37803191948116655
0.6159848976037643
0.8750950253941413
0.6550425279448009
0.4897914022403306
0.738751752483967
0.816350059963036
0.28937215827803275
0.04645970324906645
0.7569265298906538
0.1581778723102475
0.031584881717334645
0.8283487277155309
0.31811079616310356
0.8156561690368089
0.896632604268299
0.7452473861034317
0.9051064876921406
0.11355275228488071
0.8891499392580887
0.21016444209515228
0.03894556364544122
0.6739757037492965
0.7538750496742739
0.39491574895093895
0.11750994047959851
0.37064677766897114
0.4135662442791226
0.15511846616488234
0.5477910567618669
0.9594159440199082
0.17117436714632717
0.4993635708587403
0.8527301972022356
0.2669911029865467
0.38184953782098374
0.39114393334928765
0.5084140728430282
0.6810225631303453
0.4405928132225808
0.8392803392417317
0.6373376676240446
0.14734679544712914
0.8808608617202922
0.5642399141712036
0.26352850171191533
0.5664311237623264
0.7329201099606025
0.6693938104886432
0.46246651257422156
0.8723159094373145
0.1898297215091127
0.3277921220633525
0.42172071061111605
0.7644424944543446
0.012084070401822244
0.3807032064671175
0.5977226648971395
0.995879367703188
0.9545193702581155
0.28260632750347414
0.9126451794927347
0.8601870031339839
0.10330985880631394
0.10154492542723104
0.3073677719746478
0.4824374847166999
0.1958505570075938
0.36112987467629354
0.14827733251159247
0.23604979833919992
0.38801959539314157
0.6927821309737687
0.5953356565062273
0.9638099273674219
0.20458874297331175
0.3401569835150615
0.36648698903548504
0.17578797250422895
0.5291284643930934
0.04260549983688344
0.5909890584111265
0.38528656837963793
0.9762392859817348
0.22588372806541013
0.01542232704318991
0.6922776956895348
0.15480737775834308
0.48537738885391746
0.516626495400354
0.45720186636382554
0.5365836851455585
0.2834991715808687
0.16317102634597846
0.8610871955025314
0.5469462852319465
0.5566472438005816
0.35059990228697235
0.6146395404728615
0.29832969019353883
0.48056899201549486
0.3868917425951438
0.46257980865753046
0.09246622584518494
0.15291098068099296
0.31650605107646845
0.19275631595080056
0.47313620110709353
0.07928864304893157
0.40908534493346993
0.9745082715841408
0.5612927823290332
0.48988305233797513
0.18926576918331328
0.2488464243715267
0.5408140943768099
0.04725327965482495
0.9059024287904561
0.415070353881415
0.17421659753143315
0.04699437697546205
0.11300685222583984
0.9046518275253355
0.8487921356415871
0.8597119444525291
0.41335982177939434
0.2131524584866894
0.9170319448287974
0.9485254839458082
0.17351783554432065
0.24355541091558008
0.5799767149031356
0.13834383186206356
0.10206540152779975
0.1779968931711261
0.6442575423599217
0.9632287582838639
0.3596416965641417
0.6771772859014646
0.5859234668784326
0.4124148214133754
0.3795271372298563
0.7547853314122337
0.19640791843127592
0.5044896235071819
0.783329886492045
0.294527759259941
0.9347770212928284
0.0977426908268404
0.811348941157417
0.08563935642551435
0.02919840442357169
0.6820213440491303
0.10717860944891677
0.024252150758306
0.46972516116021346
0.5672199009151188
0.7285922997756829
0.9472966104829038
0.7212298230813101
0.5937837765987789
0.05112115882147006
0.47663685907205666
0.21375207937342433
0.9337130068116831
0.10830937232972893
0.40722898078493563
0.18861402849158226
0.6532615124837032
0.6165511326598768
0.08692769354458929
0.0902649570515619
0.881977861729461
0.8777296272462976
0.029226832138980252
0.4906646458445505
0.8224320568980732
0.2765037175331131
0.6551450040171013
0.15670640157879057
0.5708008238707103
0.6998089231932988
0.6674812905855306
0.7601922602967788
0.1647006259985061
0.8346226304195516
0.569962811444914
0.36955552226651933
0.2798954720374732
0.5488260251631608
0.314954692885115
0.035106562168628286
0.14477232117023076
0.9534933156136544
0.9153516984172785
0.81415816143273
0.0981555764186961
0.9794389924604758
0.1173362182266573
0.6049425654317161
0.5838791824428927
0.4945232140501342
0.2885684358719369
0.34161700050532484
0.5406846816766802
0.9310890937994242
0.5281387932075806
0.9165919067205098
0.12897343158033936
0.7969023030701794
0.506707590917881
0.6575104988758108
0.54159344124024
0.19186791654355928
0.6634998406950631
0.10793425229971831
0.5134450055429549
0.8522784119282913
0.44641405003450274
0.10349917591090418
0.7978760064954599
0.2719389121421225
0.21700751321071599
0.8562280501408627
0.7746154562728654
0.0046334380709733836
0.04748705983444501
0.662916691522924
0.9367469034925213
0.40633149822458337
0.815380869110164
0.4400334737457412
0.9497065194764086
0.3214478657588181
0.0159902361883697
0.10523193523765983
0.4446403996959092
0.7204024251843238
0.43509077014719433
0.7191054252581872
0.5971766613041045
0.14259332266064018
0.9861140581037133
0.6618079855655199
0.730644673840792
0.24848572433768956
0.45801612016486026
0.13610726184524102
0.7842642472767298
0.5174931574771684
0.8424208490759313
0.19667245823070967
0.10046306371355951
0.49722887296162943
0.12098747134666998
0.8371610857634154
0.9442709570235891
0.2889442637484225
0.565234220161002
0.5010526155368685
0.7890655164457645
0.5898397327615115
0.5095783824977342
0.5951637928276754
0.23856516660062999
0.47359330857205606
0.34181872871100416
