1924793108
110951533
-49681035
1698054143
-254801684
31293356
-1597910655
413243578
-1473015548
888435045
1993728220
182712283
1738316914
-1107692480
321898316
88980902
-350056135
942481977
942477348
1479807251
1771326048
1688526959
1606751625
-2109409992
-712381100
350103849
1129089766
-660135180
-1689681791
2126641194
596098733
-745639202
-972652757
1919239479
-357437617
408150894
1095755410
234469606
1544638334
-424507543
-941131705
-295303255
2145162659
1254680722
620768712
-787931365
1373647514
86551183
-650045085
-1484549751
-2068411467
-304842215
1462054986
793177028
1573377009
718181480
-1146635790
-832904921
1457741938
-1358400802
-1109368655
1266973156
1012765764
1868457715
461447063
-1543262317
-244138155
-1324338591
-699168371
-491772931
1132498094
-199628912
1897538989
1033756197
1052040178
-1137795516
98426081
-1763755624
660218393
-517945210
-1913736001
-1397656585
-1993429650
-344312880
1106924452
463832259
225798342
807928445
1339165199
-865653912
-403965438
112011631
-1190306496
1692426124
1976260552
1283997186
1927630609
-337670247
128791166
-291528655
-2119180524
2103138696
48352391
-220639992
-225804050
-567367183
1873747394
1354884426
692421620
116682065
1666932288
881898595
-658397180
-1597882470
1443517509
1009566608
1173117862
-1708800511
-1869217407
374949197
-1029808285
-919036156
1156090768
824042751
-216806811
1192957114
1060535215
-367409437
-1077695408
1139670368
923644353
-638172105
1531496544
1589147168
-1078024573
1205907367
-1978391101
-1664719836
1869797643
-888099333
621113657
1715005404
-1500740730
1663758078
1644456939
335163019
619770674
1829130929
-1013849208
-1404416488
1675632538
1815856817
591261607
552277780
674848018
-1825085465
1346662488
1657604359
2110146163
-1216629649
1686112780
-1119365888
-275105257
917363146
-1414587737
1688017501
1594230295
-2028704953
-1393728540
-486258217
-246636604
1538264238
965240553
-351610159
-1485897116
-1925194449
-130831062
267140834
-364211921
1318694539
-1789035901
1793671072
-1691969399
-1879026558
-365189999
1641460400
-1662334335
584095869
559647570
-1655197685
-1210985846
20422012
844066557
-155208045
-1212130184
-1259618239
1270783779
1554868950
-1749407042
-531415106
-1260044537
-1404117983
-226748441
1600272829
-625763525
2049735625
608902994
-721172529
578571388
579875510
63818034
391661687
2042340303
90325297
-1434020410
615850134
-1455809572
98948335
-528268331
-983531238
652135306
-1436843683
-1387393427
-289538845
1849038300
477627950
-1184678436
1682373366
-113503476
-804122589
1386129391
-42184474
1923182310
1672077339
1786903402
-1103326849
230996071
-54918053
35517128
1960106932
2017025686
-1302818785
-2079471051
-2030553653
842061474
-1177256607
1016435912
-1194606393
1605478205
-722787095
-1043247866
262426646
695948600
-1104283498
-583287661
288108924
1527082336
-260510740
-1410754757
-408014528
544417688
-2010237218
-689543903
-780851563
618422072
713842396
946739270
1808634956
472898725
-820006368
411527486
645999031
1030892594
457744694
-1693952210
-1965412384
-680034762
1179951819
-1785764087
496971500
-189903762
1878494648
-54952437
-431663158
-1486634859
424645965
2014671734
51543584
-933619647
1548112866
-1689537140
-364007817
-1697349119
1280675740
1138859469
-667964251
1419980725
146187645
-852668301
-2008881541
461216302
-921712976
716718891
1535944369
-1000852985
353006611
-1682716907
-479226865
-492963390
1394795525
58995199
-268842787
1435354406
-2052047247
319062749
2139033228
380508632
-320742629
1061002636
-1724249691
647621944
192278059
203520456
1433756147
-493634689
1484934904
-676601492
1202729709
378778646
-2063055594
316119529
-1567666074
-903284935
1584957346
-1923083000
-965268616
331686093
-502998323
512558308
1252025262
1797561470
1440806824
-611946717
-778350479
-1178763491
799320623
573381492
1170542262
1018290489
404574616
-781420210
610983653
-1611532548
-1891291427
-55551769
-947986676
994402632
218836360
-2099637389
-1307349691
823817234
659952318
285081247
-1685012892
1098739199
1501183631
-107264179
-1258130202
1387846973
-948868227
-1054503022
-1691270121
438021539
1841829963
-2082935828
-742462590
-1955030004
-123435000
908991432
459871902
442895089
1053262939
-467789516
1144122551
-1235979195
-1959834096
1123638241
-877437670
1333589142
1465477092
1227385693
-1735101563
-1481594014
1665148814
-839345009
-1439285042
-59446090
-1386399474
216077938
-1149754414
2027388942
1316126778
45185558
2032762528
1380018280
-1193343866
186436052
-1834933273
1971712426
202756884
-1722782767
2134968478
-306249929
-1196883203
-369073226
-895023630
-428419124
1786988510
-943251538
1395767157
-1016403296
1402912421
-282561375
1871888773
723143100
1812455581
-315316817
10882042
-1282026088
-494417736
-168717585
821017875
-1008249352
-836159715
-1114281111
-80150365
220199942
-1573912845
-864059823
-2113542280
368445871
239782508
-1594292345
307030796
-938698173
-637312747
-1503587508
825418096
-808466360
519691356
515626310
-288068235
1014672543
-1484032413
1961823926
-1818740963
-291245350
1902501636
-1971167240
-1838974911
-1915683107
-1686879451
-826040005
-57366141
1917771699
-1093963202
-1108042109
-719430793
-315913293
-1459696088
-1595354403
-356612083
-706666028
500691240
2004287201
-27465662
962079821
352794171
765179501
508893704
1637163121
1749782436
-77643360
1243062899
1576048586
369383349
-574460651
-1352722395
1650523764
-983562278
-765254303
2071265787
643805883
-1297677844
594737616
871118329
1116918264
1438242740
-180428196
-2096315276
81800873
553565373
489219310
422558590
1713712080
2112491103
1657894360
-1112060265
-1866303090
1951014409
-762859630
2087333522
-1933971712
616999374
53263797
1727995333
981990745
-874991821
-993519818
316148853
1382643776
1797227576
-682138652
-2004203135
-408834196
1906598565
640559396
169579341
936646015
-359280233
-893478421
-166587151
-757075936
1804114251
1562781180
1020763043
1629736283
1771842858
144024676
-1010921373
836876861
-298010603
-2132396749
-1586396698
-85166420
719664882
2090940029
452741828
-1156504956
-445100681
1051912337
2066751461
-350740488
-1899577034
606903671
1612845865
989538088
1625736938
270831536
-1876044201
592299774
-1520988672
153533481
1098697288
-217002162
701544042
-603235455
2027136597
-1853857746
-1873961824
782554749
-2036907010
2132777619
295741431
80761288
131291868
1251225133
736298791
1531522288
1288976585
2047819908
-1381398761
-2005856099
-875118003
575170900
1715957739
-1957992428
-860862644
229818405
819237968
796156396
-967182353
1926444847
-177996025
-383724529
-918420016
79347565
-400758095
-646603020
-1519993494
1574826496
-1158156326
2030201882
1775117248
-652789050
-1963027128
-1088101431
405201996
1339015227
525577861
684635653
1938135850
-1806269296
356463787
47846099
948160390
93617162
-80181904
-1291489871
-1480330685
718247069
1001796722
572041295
2118702317
-1001526583
1369627331
-1193607021
1902349537
1168484276
-1040543560
-878551604
1115629243
-644004727
444923375
-1532896971
167644673
854798097
52177824
1190567341
-2080887538
-629994609
-1212644059
1258781366
-701576895
-290844703
-472993076
-77805908
1614636902
1838363604
1571568348
-555520954
-433240987
-369675577
548148453
-1109967022
-1906627031
-1103390075
-1047225523
-1600785235
1314244820
1647797084
2138343193
1587370370
456952865
-90518142
-1088101896
-1087068732
1769342233
-1144291415
-697165162
2012874222
-1316083718
-2130369824
1612097311
654489593
217300580
1884944301
560325137
-1045604450
-648135225
-1776934807
-1073345208
1978873293
1159959049
-1286890276
-140204220
623826798
-705714052
-1389612263
-1352106307
70448983
1449510655
-91111012
-1421266839
-2140231794
443939698
1944893090
-1197212915
-604475968
2111778656
486779080
631379394
1844672258
-1196381208
-255963929
1116533898
-1592312121
1122245101
-1293859538
960571155
-1972157151
-1365554561
459769218
-70206005
-971657156
409686921
-666285805
-1638768347
-1991969511
-1834431300
1715459391
-2095937750
29483911
-1809893189
1555072428
572552003
-95899289
-801118584
-1247748703
1606478917
-981147359
-1629300946
-844588379
-1091775298
-316334238
1886286769
1116079194
-672525953
2045867032
-1193205965
-1501301348
1434544746
-1627954513
1292497256
-595043626
-7057026
-2075339379
-1183046340
1101341092
-1641956320
416542923
-2035087422
-291187281
-2040431956
-1928386505
1504867168
-209230139
-1698579907
381039751
678568762
-1854221257
1216519352
748274655
1439722204
-87115400
1621627679
-1212350075
232988203
-722405389
-2143132139
144789731
159626638
-1410532819
1944197293
1506924478
1663433304
1114524701
-1515449992
-1979075658
396806010
1915389128
724514254
-1676085506
1879747175
1746255136
-1844124836
-1473132451
-178622393
-350220259
-1488325649
-725073308
-768742561
78766109
1569601408
-739447311
239303872
-2064654982
-726364032
1346565093
-738382288
725551722
-1534714267
-777493982
-1375573930
-1563674597
-1284562315
1889017800
819433769
1816246543
1948027602
1333423280
-382001509
1587102901
-1136832569
1036126248
1354885505
-1034467254
66260818
957962993
1724042438
-1984421650
-1352559886
675561591
-664544047
-1498481910
-1535300685
955796304
667534132
-1840688414
1693716599
-1459183368
1413745302
1364808310
-518575482
2064107723
1142384355
1836353694
1530592345
176884291
-931576398
-1063537307
-982937948
-1562888590
-38915338
-1702647899
-1146450014
14416067
138862058
-1313445915
2111770789
-65271059
-1787966921
-1109447568
1668451806
-959322056
-346424985
1019925174
724773993
969399285
-393668466
909761000
683629212
1083017015
-1063387593
1154489039
-1184940399
-1655817769
350651533
1769584876
437559026
608484007
-1059189813
1673791702
-630443515
481647350
817901798
1512859600
-781746440
1673556293
-1112963976
1787183274
-303121042
327456583
-2011542032
1637136858
685662026
36259615
-617502983
-217331494
-1640746821
935834581
-790267096
-1382046012
-1420019064
721484058
-837404695
-489102803
1415959198
-240779714
1558395052
1565428287
-12745000
-1067014034
-665371828
317665050
1428737550
-783599566
2124572864
-916147347
1173138272
-1341919705
-1696481787
-1583469745
1602269124
-1272950023
489283915
-1301920668
-13367857
792772260
-1016221857
-1176243411
133854144
932313835
-802747048
-1338613329
1802731475
-2003034855
-1465726330
-615752888
-1033493820
1558377207
-726229352
1524806094
-1407208286
1699192591
146444301
-461613078
-1666908202
-1094172641
-1189261603
929705140
-30366093
2003025888
1494568808
1373090959
357713344
1858938105
-1006194274
2123184966
1583744004
444269630
1735934065
1223629672
961311889
2109533486
-635431560
1458906849
-1282998764
-384176724
2011868389
681864409
1264922396
1469090044
-81431127
390125778
1057205480
1738653185
-1939330586
1832085245
-1447188362
2023618741
1572240277
-1748702755
-1868692023
-1112274198
501080440
-963863265
1821745530
-1761114048
-1215721405
-2029190727
-1912577918
148185446
1076423687
1185988417
1519580742
682154645
1574108639
392988304
1265077476
472070474
-183780898
-1929760360
1187494845
855622979
-1611259593
925670530
1992718403
-2109704003
1414565039
-897387509
-1124274939
-1882260500
215395136
-668633823
-217488647
1338886075
697237775
1796528569
151496969
1182305221
962589329
-1764692236
-178346528
-971738220
-1169512455
357699698
640614390
1196304153
488133861
1411679478
-2102720550
-289627540
-1855934392
-1811679173
-68661056
-1152040763
802597019
281054742
-1886411957
984520379
1861918784
297683661
2104506012
943519676
569359927
-1958556489
1101487003
-948124980
-696508668
-549154028
-905574779
2105791106
1316090336
-825602513
-454958409
1072999488
639749663
-1000344397
1271913658
-318027086
-448475935
33200714
337792655
1437900682
-1371065603
-1710013572
195902012
-1231607686
1094891307
1644966598
1485258391
-1830538381
-527847311
-1537512710
8270419
-1426674148
-324880176
1756914391
520261960
-1133667179
1765707823
-789961239
145041415
-522874003
2085112712
-1492230493
1478928799
777375970
-671998895
-1484192326
2093554601
-1032662696
-1462813651
-494947644
1649362074
-2062451940
1709557972
1477626386
-484538294
-1061470886
-496395199
2092041163
42720960
-2014003620
1807969562
-382662582
985452865
-981076731
182829924
568597946
754035096
-1575237234
838569320
441197295
-1631174745
-1812948609
124936417
619991943
825954607
1214921457
-108743577
307990849
-1586982948
-1827054845
2046205216
-749326691
-1931816556
1954501530
1693572261
1954838198
-1224995070
78959709
672418611
1720020572
669555805
-574817553
-870979052
-357266826
1506232446
1715320431
1680484940
197416854
512577058
-759197138
2125083527
-1515761954
925713276
-1329839184
854341443
-969714669
1825879039
-2031839258
-1934746566
-1190946561
-1219735446
1482922922
-429388270
-1299193332
-552935147
1354636155
1433779529
-1719703521
-2007800197
1384306298
2106284891
1864946610
-1928653817
-1215233883
-526541003
1513622837
-2028728029
92794962
1166171615
500555430
-484037505
1195119343
-564559004
-1783848338
1721167263
-602766088
8681478
-1593803905
-813256535
-215619271
517225888
906547885
-658982804
1096047430
870633820
1477186890
389571252
1510971704
1519820182
-1884425979
-1307186483
306036906
897386511
-1163163389
439969366
2112502516
1210804310
2015911999
-1815418808
204715174
516420212
-973998817
1782249031
2081242183
896950744
855591512
231652392
2001593423
-230526846
959240452
-1946703422
-2090105758
-1384880525
890021890
-319920390
928675279
-35107500
601195661
121981450
-1348114615
492475493
-565471200
2142157841
-1809472539
-605867863
1093130121
-1907869727
-1860867756
-297106096
1632307020
228249349
1724066146
1623302245
288117051
-2140249839
53858991
588355513
515024723
-2067467986
-287867732
1288442383
-1975291942
1645725157
-2080566567
1000949897
-1031260490
-2122301653
1612634941
-1269953453
-1585422321
236097198
-2012285914
-361849714
1881348137
1285078623
1034954019
-924231552
-1017054084
1783673153
1222680383
155621882
1090271765
1016072816
-709261185
-62307319
-1448010447
1165829749
1127050911
925225440
1237863960
245666505
-1514865400
1523315206
-962119881
-1219055704
224039445
-1733232196
1082806401
1286170648
475172744
2063056049
-1064809464
-369742791
1453818439
1626117354
-1114873897
-1393255986
328629596
1959962348
878782738
-1771667699
-1052163029
154250795
-395516847
-1981144156
2062098422
41016760
698545978
-1154218996
-489784178
2044567846
833488733
384396050
-32069541
827804093
1269897813
668571043
124408720
-680332317
-2139784420
-660386600
58501799
-361549625
565076142
1680941634
1577330724
841039951
-76901918
522107511
551778695
216000324
404193925
1062064606
-198569070
-135647811
1256236473
-806230089
599871932
-441609782
1123611021
-312099986
1648639222
-1009157535
-507785252
-1217001439
-18524771
1968436877
1255012459
280046191
967244992
-150596395
-2118258626
-671376252
1556633748
832593643
-111728069
1432712290
794939444
1917994391
-819329789
-968535950
989952669
-919238430
1458971149
1831951947
-1612112662
-903812985
1592513027
315582401
-795044916
-604788586
1012699746
853611058
1626915917
1735767659
967956557
128564237
374370246
-1579255345
-1482906447
-1827691356
-397572322
1010212460
1437048224
-1561703885
-1798121147
408379767
115910887
-2096354767
-1760347920
-92000360
129909745
-1375842346
-1563921002
-2084462819
110105824
-749183763
2066072491
559878753
-458133270
576714972
-116494307
-504983945
1124586481
124178929
277019404
-1424977382
-113867418
-1267294993
2036069837
1336932569
-1962154400
-1870741799
2123055138
-1140050305
-1476123400
1571261694
813269171
1661892289
556290280
-705999034
1978594512
1530948908
-610267804
383611067
42726250
270655822
-1489544136
1490848347
895926095
-15973598
-1860092381
-1525926883
221349030
-554052670
295904371
-23082942
1419025835
-1806684600
273969121
1635222750
-1603372372
-41665275
729315503
538294183
-978597565
-1756371226
1827724288
1203888124
-1129859371
394264867
-677836168
1770779449
129854028
-530886358
734745621
1275735866
1227428113
-729175349
1452993868
-631232722
-993518771
-395020636
506833256
194901663
-1275755680
1788357840
1814259231
1343407806
266878114
-2073522228
-1258789770
1392906739
1625236825
-645942358
1238043351
-55619163
692525051
1729240441
865389680
-1267465657
992278437
575702772
-1462160946
-189781597
380031963
632951401
1270693563
-2116695189
-501973118
598211309
2003087701
-1530660866
-2136393956
-70382402
-1070475664
-300523145
1181561411
-1303809543
-257429715
2082120444
506412136
627154814
-1116773413
-514808250
595833037
194342431
-476692466
1814025068
-2005961280
1513139216
-1646349314
737867508
-1939680487
-575360373
